10
15 18
3 -2 -3 3 1 -9 -8 7 -5 -1 7 7 6 -3 -3
3 -6 3 0 7 -5 1 9 8 3 -1 -5 4 -8 8 -2 0 1
13 13
-5 4 -5 6 4 -4 -1 6 -4 -1 6 -4 1
1 -6 5 -9 -2 1 4 -6 -3 5 4 9 6
10 8
-3 0 3 -9 -7 -9 -6 6 -1 7
-3 1 -5 0 2 -2 -2 9
14 14
-7 6 4 5 2 5 3 -9 3 3 -2 -8 0 -7
2 -8 9 1 1 4 1 4 9 4 -7 2 7 3
9 9
-4 9 -2 -4 -6 7 4 9 -7
5 -1 8 -3 -5 3 6 4 -5
3 18
-1 -2 -2
8 -4 7 0 1 -1 -4 -2 -2 7 6 -2 8 6 -3 3 8 -7
19 18
9 3 -7 -2 -2 -5 -9 1 0 9 -7 9 8 -2 5 -7 4 -3 2
-2 1 3 3 -4 2 2 1 8 -4 9 -7 4 -7 3 0 -2 -5
13 15
1 2 7 7 -6 -2 -4 1 -7 -7 -6 1 0
8 -3 0 -5 5 5 5 -6 -8 2 9 -4 -6 -1 6
19 7
5 4 4 -9 -8 2 -1 -2 8 0 1 -3 -4 7 -1 0 -8 -1 3
5 8 0 3 -6 -8 2
10 3
-6 5 -4 9 4 -7 5 -2 4 -7
3 -7 7
