10
11 14
333 -721 727 67 643 354 -131 916 746 -890 -155
303 174 904 283 617 -617 737 -791 -719 992 -428 793 -170 -145
9 10
-78 893 -651 233 331 -405 494 29 901
-879 -328 338 235 -921 -306 162 -1000 -241 83
9 11
-939 94 908 551 273 408 -622 -11 932
644 -534 789 323 -958 -999 -773 504 237 -539 566
3 8
-792 840 812
-432 -545 72 -923 653 70 -200 -615
16 15
-775 -890 991 -907 624 -891 -258 696 -701 732 208 841 -971 432 -270 -129
-426 -873 -314 664 -782 699 -558 -155 812 220 412 -461 61 563 842
10 19
-808 657 297 -606 -88 -960 -632 -208 935 967
-328 899 762 704 212 494 672 -49 -319 645 -29 24 660 -290 -821 -722 -15 -698 -782
3 14
668 -14 698
601 -600 557 320 909 440 429 -662 -171 -851 733 -908 -119 -826
19 20
-699 905 983 -723 -832 -642 -1 490 -645 958 643 396 82 -588 820 991 -570 -726 489
-828 314 -650 321 -96 741 -804 301 -17 134 -824 738 -842 -998 -340 -990 856 109 434 -723
6 4
-167 -506 -553 363 -11 103
718 -71 -257 -885
15 16
-411 87 -756 -408 -730 -532 833 484 381 190 693 43 195 494 156
506 -428 822 876 -653 521 926 -884 218 125 879 -931 -234 119 727 -907
