10
11 12
-1 -6 8 -2 1 -1 -6 -2 -3 2 8
6 -7 -8 2 -9 -1 3 9 -1 -2 2 7
7 13
4 9 -5 4 -4 2 7
7 5 -9 1 0 -4 6 -2 -4 -7 1 9 7
18 8
4 -4 6 -8 8 -1 5 9 -4 5 -4 8 2 9 -5 0 1 5
6 5 5 -7 -2 3 4 4
5 17
-2 7 -1 1 9
-1 -9 4 -6 -9 1 7 -8 -6 2 -2 1 1 -8 0 8 4
8 18
8 -5 -8 0 -5 -2 -7 0
0 -1 9 -8 5 -3 -4 -5 -7 -3 8 2 0 4 -9 -8 -4 1
3 9
8 0 -2
-2 8 -9 -9 -1 -6 -4 8 7
13 10
1 -6 9 -6 1 9 3 -5 6 -5 -1 3 -2
-7 -5 4 -9 -2 3 9 2 -1 -5
15 20
2 2 -6 -2 -1 -8 -2 -4 5 -7 8 -7 0 -2 5
1 -8 -6 -9 7 1 -6 2 2 -3 3 0 -2 -7 4 8 0 1 -3 -6
11 12
9 -4 -9 -5 -9 -6 1 -2 -4 -8 -7
4 -5 8 -7 7 4 4 9 5 6 5 7
4 9
6 1 7 -8
-9 8 -6 -2 -8 5 -1 8 6
