10
8 12
9 -6 -6 7 8 3 -7 7
8 -5 -5 6 3 9 -6 -2 -6 6 -5 -5
19 3
9 2 9 -5 -6 -3 -7 -7 -8 6 8 8 -6 -9 -3 -4 5 -4 -8
-9 6 -3
8 8
4 2 -2 -8 8 4 9 2
7 7 3 8 6 -5 0 4
9 18
7 8 3 -5 -7 2 -6 6 -1
8 -5 6 5 1 4 -1 6 4 -1 -9 -5 5 -5 -8 8 -9 -1
3 4
7 -3 -3
8 9 -9 1
5 3
1 -8 1 6 3
7 4 -8
8 9
4 -7 -8 3 -2 -7 2 -5
2 7 2 -2 -1 6 -1 8 6
20 17
3 8 -5 -1 -4 -3 -6 -6 -5 -6 0 -8 7 3 5 -6 7 -3 7 2
-5 1 -3 7 2 -1 -3 4 -4 0 6 -6 0 -9 8 8 9
10 8
-9 4 5 -9 -5 3 5 6 -5 -3
-8 0 -4 -1 7 -4 -1 9
10 8
1 -8 -6 -5 -6 5 9 3 6 -1
-9 6 -7 6 -6 -8 -2 6
