10
5 7
746 427 -364 -159 -956
359 -756 -969 -585 379 -979 -290
20 3
256 -74 -910 199 -477 -648 58 -672 782 -225 879 -110 877 -858 162 541 -742 129 213 360
583 -794 -673
18 7
504 -387 385 -486 901 625 -894 -971 543 596 -722 825 -747 -669 -342 -868 684 847
-736 680 -426 670 -458 249 -360
8 9
509 -483 -261 40 -106 -659 328 66
888 -873 -91 -284 -493 -421 65 607 -436
9 19
672 862 -222 380 223 -162 47 -283 643
-156 -530 -701 161 -979 826 233 -790 -229 754 67 57 487 -549 -536 -155 -531 327 -771
13 10
-265 -841 -975 -234 -544 -299 -653 -171 -244 277 -780 783 -164
69 828 75 -232 -694 -502 782 398 -56 -483
13 19
-663 -72 719 477 1000 67 -159 266 692 168 -847 986 928
362 910 904 -850 -317 -801 -110 -114 978 214 -94 -657 554 -612 -342 -309 529 -934 25
14 19
-894 51 398 527 618 223 -741 -288 919 170 535 450 529 353
-502 -294 -693 81 -117 241 978 585 -889 399 -677 -673 -229 -983 -889 -403 -909 51 554
4 20
110 846 -520 -813
-214 416 -683 107 -862 -52 -292 -562 755 451 262 891 -598 -426 910 -742 362 -331 291 -964
20 9
684 605 955 -41 -505 -795 863 329 559 -149 91 -66 -694 704 -616 -866 -404 -529 390 168
442 -310 -41 -458 -389 -878 633 -379 29
