10
6
4 1 8 1 0 5
1 6 4 4 2 7
4 9 9 2 7 4
6 0 2 9 0 1
9 2 1 0 4 4
7 7 3 1 5 5
6
2 3 2 9 2 0
9 6 9 8 1 5
1 3 0 5 1 6
6 6 4 9 1 1
6 4 5 5 5 9
2 9 8 9 4 9
6
8 3 0 2 7 1
7 8 7 6 4 5
2 6 1 9 0 3
6 2 1 8 4 1
7 0 1 2 1 5
3 8 6 0 4 7
3
3 7 4
0 8 6
6 4 9
4
6 9 2 3
3 6 8 3
0 7 6 9
4 4 1 4
3
9 8 6
6 7 3
4 6 8
3
5 0 5
1 8 6
2 5 4
5
5 2 5 4 2
3 4 2 8 5
9 8 0 8 2
0 9 6 5 5
9 8 8 8 6
6
8 0 4 7 8 8
3 0 9 7 6 1
1 0 0 4 4 9
3 5 9 2 0 8
8 9 1 2 7 3
6 0 6 6 8 7
7
0 4 4 6 1 0 3
6 3 8 6 1 5 9
2 9 7 5 0 6 9
7 1 0 7 3 2 7
3 5 9 4 0 6 3
2 2 6 2 6 8 3
4 9 9 3 9 8 4
